Send: G29 T
Recv:
Recv: Bed Topography Report:
Recv:
Recv:     ( 10,240)                                                                                                      (280,240)
Recv:         0       1       2       3       4       5       6       7       8       9      10      11      12      13      14
Recv: 14 | -0.05  -0.04  -0.03  -0.04  +0.01  -0.01  -0.01  +0.01  +0.01  +0.03  +0.02  +0.03  +0.03    .       .
Recv:    |
Recv: 13 | -0.01  -0.02  -0.02  -0.04   0.00  -0.01  -0.02  +0.01  -0.02  -0.02  -0.02  -0.04  -0.04    .       .
Recv:    |
Recv: 12 | -0.02  -0.02  -0.02  -0.01  +0.01  -0.01  +0.02  +0.02  +0.00   0.00  +0.01  -0.01  -0.02    .       .
Recv:    |
Recv: 11 | -0.04  -0.01  -0.01   0.00  +0.02  +0.02  +0.02  +0.05  +0.05  +0.03  +0.03  +0.05  +0.03    .       .
Recv:    |
Recv: 10 | -0.02  -0.01  +0.01  +0.04  +0.02  +0.02  +0.03  +0.01  +0.01  +0.02  -0.01   0.00  -0.02    .       .
Recv:    |
Recv:  9 | -0.01   0.00  +0.01  +0.01  +0.03  +0.00  +0.01  -0.01   0.00  -0.01  -0.02  -0.03  -0.07    .       .
Recv:    |
Recv:  8 | +0.01  +0.03  +0.05  +0.03  +0.04  +0.03  +0.02  +0.01  +0.02  +0.01  +0.00  +0.01  -0.03    .       .
Recv:    |
Recv:  7 | -0.01  +0.01  -0.01  +0.01  +0.02  +0.01  +0.02 [+0.01] +0.03  +0.02  +0.02  +0.02  -0.01    .       .
Recv:    |
Recv:  6 | -0.03  +0.01  +0.01  +0.01  +0.02   0.00  +0.01  -0.01  +0.03  +0.01  -0.02  -0.00  -0.03    .       .
Recv:    |
Recv:  5 | +0.01  +0.02  +0.01  +0.02   0.00  -0.01  +0.00  -0.00  +0.03  +0.01  -0.01  -0.03  -0.05    .       .
Recv:    |
Recv:  4 | +0.04  +0.06  +0.04  +0.06  +0.06  +0.05  +0.03  +0.05  +0.01  +0.02  -0.01  +0.01  -0.04    .       .
Recv:    |
Recv:  3 | +0.01  +0.01  +0.01  +0.01  +0.04  +0.02  +0.02  +0.04  +0.05  +0.03  +0.01  -0.00  -0.01    .       .
Recv:    |
Recv:  2 | -0.01  -0.00  -0.01  +0.02  +0.01  +0.01  +0.01  +0.03  +0.02  +0.01  +0.01  -0.01  +0.00    .       .
Recv:    |
Recv:  1 | +0.02  +0.05  +0.02  +0.01  +0.03  +0.04  +0.01  +0.02  +0.02  +0.02  -0.01  +0.01  -0.05    .       .
Recv:    |
Recv:  0 | +0.04  +0.04  +0.05  +0.04  +0.04  +0.03  +0.01  +0.04  +0.04  -0.01  -0.00  -0.02  -0.04    .       .
Recv:         0       1       2       3       4       5       6       7       8       9      10      11      12      13      14
Recv:     ( 10, 10)                                                                                                      (280, 10)
Recv:
Recv: ok

Recv: echo:G29 W T
Recv:
Recv: Bed Topography Report:
Recv:
Recv:     ( 25,225)                                                                                                      (265,225)
Recv:         0       1       2       3       4       5       6       7       8       9      10      11      12      13      14
Recv: 14 | -0.01  -0.02  -0.05  -0.03  -0.01  -0.01  -0.02  -0.02  -0.04  -0.03  -0.03  -0.02  -0.06  -0.08    .
Recv:    |
Recv: 13 | -0.00  +0.02  -0.02  +0.01  -0.01  +0.00  -0.01  -0.02  -0.01  -0.03  -0.01  -0.04  -0.04  -0.10    .
Recv:    |
Recv: 12 | -0.01  -0.00  -0.00  -0.01  +0.02  +0.01  +0.03  +0.02  +0.02  +0.01  +0.01  +0.02  -0.02  -0.04    .
Recv:    |
Recv: 11 | -0.01  +0.02  +0.01  +0.03  +0.04  +0.01  +0.02  +0.02  +0.02  -0.02  +0.00  +0.03  +0.01  -0.04    .
Recv:    |
Recv: 10 | -0.00  +0.01  -0.01  +0.02  +0.01  +0.01  -0.01  +0.01  +0.01  -0.02  -0.04  -0.05  -0.07  -0.09    .
Recv:    |
Recv:  9 | +0.02  +0.02  +0.02  +0.01  +0.01  +0.01  -0.02  -0.01  -0.02  -0.02  -0.02  -0.04  -0.08  -0.12    .
Recv:    |
Recv:  8 | +0.04  +0.01  +0.03  +0.04  +0.04  +0.02  -0.00  -0.01  -0.01  +0.01  -0.01  -0.01  -0.02  -0.06    .
Recv:    |
Recv:  7 | -0.02  +0.01  +0.01  +0.01  +0.02  +0.00  -0.02 [-0.00] +0.00  -0.00   0.00  +0.01  +0.02  -0.04    .
Recv:    |
Recv:  6 | +0.00  +0.01  -0.00  -0.01  +0.00  -0.02  -0.01   0.00  -0.01  -0.01  -0.01  -0.01  -0.03  -0.08    .
Recv:    |
Recv:  5 | +0.01  +0.00  +0.01  +0.01  +0.02  -0.01  -0.02  -0.02  +0.01  -0.01  -0.04  -0.03  -0.06  -0.11    .
Recv:    |
Recv:  4 | +0.05  +0.04  +0.06  +0.04  +0.05  +0.05  +0.02  +0.01  -0.01  -0.02  -0.02  -0.03  -0.04  -0.11    .
Recv:    |
Recv:  3 | +0.04  +0.04  +0.02  +0.05  +0.05  +0.04  +0.02  +0.01  +0.01  +0.00  -0.03  +0.00  -0.05  -0.07    .
Recv:    |
Recv:  2 | -0.01  +0.01  -0.01   0.00  +0.01  +0.01  +0.01  +0.01  +0.03  -0.01  -0.02  -0.01  -0.04  -0.05    .
Recv:    |
Recv:  1 | -0.00  -0.01  -0.01  -0.01  +0.01  +0.02  -0.01  +0.01  -0.01  -0.01  -0.04  -0.02  -0.04  -0.08    .
Recv:    |
Recv:  0 | +0.03  +0.04  +0.03  +0.04  +0.02  +0.02  +0.03  +0.01  +0.03  -0.00  -0.03  -0.02  -0.04  -0.07    .
Recv:         0       1       2       3       4       5       6       7       8       9      10      11      12      13      14
Recv:     ( 25, 25)                                                                                                      (265, 25)
Recv:
Recv: ok



Send: G29 T
Recv:
Recv: Bed Topography Report:
Recv:
Recv:     ( 30,220)                                                                                                      (260,220)
Recv:         0       1       2       3       4       5       6       7       8       9      10      11      12      13      14
Recv: 14 | -0.03  -0.04  -0.02  +0.00  -0.01  -0.04  -0.00  +0.01  -0.01  -0.02  -0.02  -0.01  -0.03  -0.03    .
Recv:    |
Recv: 13 | -0.02  -0.01  -0.02  -0.01  +0.01  -0.01  -0.00  +0.02  +0.03  +0.01   0.00  +0.01  -0.00  -0.04    .
Recv:    |
Recv: 12 | -0.01  -0.02  -0.01   0.00  +0.03  +0.02  +0.05  +0.03  +0.07  +0.03  +0.04  +0.05  +0.02  +0.03    .
Recv:    |
Recv: 11 | -0.04  -0.04  -0.01  +0.01  +0.04  +0.00   0.00  +0.02  +0.03  +0.02  +0.01  +0.03  +0.04  +0.03    .
Recv:    |
Recv: 10 | -0.01  -0.00  -0.01  -0.01  +0.01  +0.03  +0.01  +0.01  +0.01  +0.01  -0.01  -0.01  -0.02  -0.03    .
Recv:    |
Recv:  9 | +0.01  +0.02  +0.00  +0.01  +0.02  +0.01  -0.02   0.00  +0.02  -0.01  -0.00  -0.01  -0.04  -0.07    .
Recv:    |
Recv:  8 | +0.01  +0.02  +0.01  +0.02  +0.03  +0.03  +0.00  +0.01  +0.02  +0.01  +0.01  +0.02   0.00  -0.01    .
Recv:    |
Recv:  7 | -0.01  -0.00  -0.01  +0.01  +0.02  +0.02  -0.01 [-0.00] +0.03  +0.04  +0.02  +0.05  +0.02  +0.01    .
Recv:    |
Recv:  6 | -0.02  -0.03  -0.03  +0.02  -0.00   0.00  +0.00  +0.01  +0.04  +0.01  +0.02  +0.03  +0.03  -0.02    .
Recv:    |
Recv:  5 | -0.01  -0.01  +0.00  +0.01  +0.02  +0.01  -0.01  +0.01  +0.02  +0.02  -0.01  -0.01  -0.03  -0.04    .
Recv:    |
Recv:  4 | +0.03  +0.02  +0.02  +0.04  +0.02  +0.01  +0.02  +0.01  +0.01  +0.03  -0.00  -0.02  -0.01  -0.06    .
Recv:    |
Recv:  3 | +0.03  +0.03  +0.01  +0.05  +0.07  +0.03  +0.02  +0.04  +0.05  +0.01  +0.01  +0.01  +0.01  -0.02    .
Recv:    |
Recv:  2 | -0.02  -0.00  -0.02  +0.01  +0.02  +0.01  +0.01  +0.03  +0.02  +0.01  +0.01  +0.03  +0.02  -0.01    .
Recv:    |
Recv:  1 | -0.04  -0.03  -0.02  -0.00  -0.01  +0.01  +0.01  +0.02  +0.02  +0.02  +0.01  +0.01  -0.01  -0.00    .
Recv:    |
Recv:  0 | -0.00  +0.01  +0.01  +0.02  +0.01  +0.04  +0.01  +0.03  +0.03  +0.02   0.00  +0.02  -0.01  -0.03    .
Recv:         0       1       2       3       4       5       6       7       8       9      10      11      12      13      14
Recv:     ( 30, 30)                                                                                                      (260, 30)
Recv:
Recv: ok



Send: G29 T
[...]
Recv:
Recv: Bed Topography Report:
Recv:
Recv:     ( 34,216)                                                                                                      (256,216)
Recv:         0       1       2       3       4       5       6       7       8       9      10      11      12      13      14
Recv: 14 | -0.03  -0.04  -0.04  +0.01  -0.04  -0.01  -0.04  +0.00  -0.01  -0.01  -0.05  -0.03  -0.03  -0.05  -0.08
Recv:    |
Recv: 13 | +0.01  -0.01  -0.01  +0.01  +0.01  +0.01  +0.00  +0.02  +0.05  +0.01  -0.01  -0.01  +0.01  -0.01  -0.05
Recv:    |
Recv: 12 | -0.01  -0.02  +0.01  +0.01  +0.02   0.00  +0.02  +0.05  +0.02  +0.02  +0.03  +0.03  +0.04  +0.02  -0.00
Recv:    |
Recv: 11 | -0.02  -0.02  +0.01  +0.00  +0.02   0.00  +0.03  +0.02  +0.04  +0.01  +0.02  +0.01  +0.02  -0.01  -0.04
Recv:    |
Recv: 10 | -0.00  -0.02  -0.01  +0.01  +0.00  +0.01   0.00  +0.01  -0.01  -0.03  -0.02  -0.02  -0.03  -0.04  -0.10
Recv:    |
Recv:  9 | +0.02  +0.02  +0.01  +0.00  +0.03  +0.02  +0.01  -0.00  -0.00  -0.03  -0.04  -0.03  -0.04  -0.05  -0.10
Recv:    |
Recv:  8 | +0.01  +0.01  +0.03  +0.02  +0.04  +0.04  +0.01  +0.01  +0.02  +0.00  +0.01  -0.01   0.00  -0.01  -0.07
Recv:    |
Recv:  7 | -0.01  -0.02  -0.01  +0.01  +0.02  +0.02  +0.00 [+0.00] +0.04  -0.01  +0.02  +0.01  +0.00  -0.02  -0.04
Recv:    |
Recv:  6 | -0.02  -0.03  -0.02  +0.01  -0.01  -0.00  -0.02  +0.01  +0.00  +0.02  -0.02  +0.01  -0.01  -0.01  -0.04
Recv:    |
Recv:  5 | -0.01  +0.01  -0.00  -0.01  -0.00  -0.01  -0.02  +0.01  +0.01  +0.01  -0.01  -0.02  -0.04  -0.04  -0.09
Recv:    |
Recv:  4 | +0.02  +0.02  +0.05  +0.04  +0.03  +0.02  +0.02  -0.01  +0.01   0.00  -0.03  -0.02  -0.04  -0.04  -0.10
Recv:    |
Recv:  3 | +0.04  +0.03  +0.02  +0.04  +0.04  +0.04  +0.02  +0.02  +0.03  +0.01  +0.01   0.00  -0.01  -0.04  -0.07
Recv:    |
Recv:  2 | +0.01  +0.02  +0.01  +0.04  +0.02  +0.02  +0.01  +0.02  +0.03  +0.01   0.00  +0.00   0.00  -0.02  -0.05
Recv:    |
Recv:  1 | -0.00  -0.04  -0.03  -0.01  +0.01  -0.01  -0.01  +0.00  +0.01  +0.00  +0.03  +0.01  -0.00  +0.01  -0.04
Recv:    |
Recv:  0 | -0.00  -0.01  +0.02  -0.00  +0.01  -0.00  -0.02  +0.01  +0.04  +0.01  +0.01  -0.01  +0.01  -0.02  -0.08
Recv:         0       1       2       3       4       5       6       7       8       9      10      11      12      13      14
Recv:     ( 34, 34)                                                                                                      (256, 34)
Recv:
Recv: ok

Send: G29 T
Recv:
Recv: Bed Topography Report:
Recv:
Recv:     (  5,245)                                                                                                      (256,245)
Recv:         0       1       2       3       4       5       6       7       8       9      10      11      12      13      14
Recv: 14 |  0.00   0.00   0.00   0.00   0.00   0.00   0.00   0.00   0.00   0.00   0.00   0.00   0.00   0.00   0.00
Recv:    |
Recv: 13 |  0.00   0.00   0.00   0.00   0.00   0.00   0.00   0.00   0.00   0.00   0.00   0.00   0.00   0.00   0.00
Recv:    |
Recv: 12 |  0.00   0.00   0.00   0.00   0.00   0.00   0.00   0.00   0.00   0.00   0.00   0.00   0.00   0.00   0.00
Recv:    |
Recv: 11 |  0.00   0.00   0.00   0.00   0.00   0.00   0.00   0.00   0.00   0.00   0.00   0.00   0.00   0.00   0.00
Recv:    |
Recv: 10 |  0.00   0.00   0.00   0.00   0.00   0.00   0.00   0.00   0.00   0.00   0.00   0.00   0.00   0.00   0.00
Recv:    |
Recv:  9 |  0.00   0.00   0.00   0.00   0.00   0.00   0.00   0.00   0.00   0.00   0.00   0.00   0.00   0.00   0.00
Recv:    |
Recv:  8 |  0.00   0.00   0.00   0.00   0.00   0.00   0.00   0.00   0.00   0.00   0.00   0.00   0.00   0.00   0.00
Recv:    |
Recv:  7 |  0.00   0.00   0.00   0.00   0.00   0.00   0.00   0.00 [ 0.00]  0.00   0.00   0.00   0.00   0.00   0.00
Recv:    |
Recv:  6 |  0.00   0.00   0.00   0.00   0.00   0.00   0.00   0.00   0.00   0.00   0.00   0.00   0.00   0.00   0.00
Recv:    |
Recv:  5 |  0.00   0.00   0.00   0.00   0.00   0.00   0.00   0.00   0.00   0.00   0.00   0.00   0.00   0.00   0.00
Recv:    |
Recv:  4 |  0.00   0.00   0.00   0.00   0.00   0.00   0.00   0.00   0.00   0.00   0.00   0.00   0.00   0.00   0.00
Recv:    |
Recv:  3 |  0.00   0.00   0.00   0.00   0.00   0.00   0.00   0.00   0.00   0.00   0.00   0.00   0.00   0.00   0.00
Recv:    |
Recv:  2 |  0.00   0.00   0.00   0.00   0.00   0.00   0.00   0.00   0.00   0.00   0.00   0.00   0.00   0.00   0.00
Recv:    |
Recv:  1 |  0.00   0.00   0.00   0.00   0.00   0.00   0.00   0.00   0.00   0.00   0.00   0.00   0.00   0.00   0.00
Recv:    |
Recv:  0 |  0.00   0.00   0.00   0.00   0.00   0.00   0.00   0.00   0.00   0.00   0.00   0.00   0.00   0.00   0.00
Recv:         0       1       2       3       4       5       6       7       8       9      10      11      12      13      14
Recv:     (  5,  5)                                                                                                      (256,  5)
Recv:
Recv: ok

Recv:     (  5,245)                                                                                                      (256,245)
Recv:         0       1       2       3       4       5       6       7       8       9      10      11      12      13      14
Recv: 14 |   .       .       .       .       .       .       .       .       .       .       .       .       .       .       .
Recv:    |
Recv: 13 | -0.11  -0.08  -0.07  -0.09  -0.06  -0.05  -0.05  -0.05  -0.03  -0.03  -0.07  -0.08  -0.06  -0.08  -0.14
Recv:    |
Recv: 12 | -0.09  -0.06  -0.06  -0.05  -0.03  -0.02  -0.02  -0.04  -0.02  -0.01  -0.07  -0.06  -0.07  -0.10  -0.13
Recv:    |
Recv: 11 | -0.10  -0.06  -0.05  -0.06  +0.00  -0.01  +0.02  +0.02  +0.01   0.00  +0.01  -0.03  -0.01  -0.03  -0.06
Recv:    |
Recv: 10 | -0.09  -0.04  -0.02  -0.04  -0.00  +0.01  +0.01  +0.01  +0.00   0.00  -0.02  -0.03  -0.00  -0.01  -0.08
Recv:    |
Recv:  9 | -0.06  -0.04  -0.01  -0.02  +0.01  +0.03  +0.02  -0.01  -0.02  -0.03  -0.04  -0.07  -0.06  -0.09  -0.12
Recv:    |
Recv:  8 | -0.03  -0.02  -0.01  +0.01  +0.02  +0.04  +0.03  +0.01  +0.01  -0.01  -0.01  -0.02  -0.04  -0.05  -0.11
Recv:    |
Recv:  7 | -0.09  -0.07  -0.02  -0.05  -0.02  +0.01  +0.01  -0.01 [-0.02] +0.01  -0.00  -0.01  -0.02  -0.02  -0.09
Recv:    |
Recv:  6 | -0.10  -0.06  -0.04  -0.05  -0.01  -0.01  -0.02  -0.03  -0.02  -0.01  -0.01  -0.04  -0.05  -0.06  -0.11
Recv:    |
Recv:  5 | -0.08  -0.02  -0.02  -0.02  -0.00  +0.02  -0.01  -0.03  -0.03  +0.01  -0.02  -0.05  -0.08  -0.10  -0.15
Recv:    |
Recv:  4 | -0.06  -0.01  +0.04  -0.02  +0.01  +0.03  +0.04  +0.02   0.00  -0.01  -0.02  -0.05  -0.06  -0.06  -0.14
Recv:    |
Recv:  3 | -0.11  -0.07  -0.04  -0.05  -0.02  -0.02  +0.01  -0.03  +0.02  -0.02  -0.01  -0.05  -0.05  -0.08  -0.12
Recv:    |
Recv:  2 | -0.13  -0.07  -0.06  -0.06  -0.05  -0.03  -0.02  -0.05  -0.03  -0.01  -0.04  -0.05  -0.09  -0.10  -0.10
Recv:    |
Recv:  1 | -0.09  -0.04  -0.04  -0.04  -0.01  -0.01  -0.03  -0.06  -0.03  -0.02  -0.05  -0.09  -0.09  -0.12  -0.17
Recv:    |
Recv:  0 | -0.08  -0.06  -0.04  -0.01  -0.02  -0.03  -0.04  -0.04  -0.04  -0.04  -0.05  -0.09  -0.11  -0.11  -0.17
Recv:         0       1       2       3       4       5       6       7       8       9      10      11      12      13      14
Recv:     (  5,  5)                                                                                                      (256,  5)
Recv:
Recv: ok


Send: G29 T
Recv:
Recv: Bed Topography Report:
Recv:
Recv:     (  5,240)                                                                                                      (256,240)
Recv:         0       1       2       3       4       5       6       7       8       9      10      11      12      13      14
Recv: 14 | -0.13  -0.11  -0.09  -0.09  -0.06  -0.03  -0.05  -0.05  -0.01  -0.03  -0.01  -0.02  -0.02  -0.04  -0.07
Recv:    |
Recv: 13 | -0.09  -0.07  -0.07  -0.07  -0.03  -0.03  -0.07  -0.04  -0.04  -0.05  -0.07  -0.08  -0.08  -0.08  -0.13
Recv:    |
Recv: 12 | -0.09  -0.06  -0.04  -0.03  -0.03   0.00  -0.01  -0.01  +0.00  -0.01  -0.02  -0.04  -0.04  -0.06  -0.10
Recv:    |
Recv: 11 | -0.09  -0.06  -0.04  -0.04  -0.01  +0.01  +0.01  +0.04  +0.02  -0.00  +0.01   0.00  +0.01  +0.01  -0.05
Recv:    |
Recv: 10 | -0.08  -0.04  -0.02  -0.02  +0.01  +0.01  +0.02  +0.01  +0.01  +0.02  -0.02  -0.04  -0.02  -0.03  -0.08
Recv:    |
Recv:  9 | -0.04  +0.01  +0.01  +0.02  +0.02  +0.02  +0.03  -0.00  -0.01  -0.02  -0.03  -0.05  -0.04  -0.09  -0.11
Recv:    |
Recv:  8 | -0.04  +0.01  +0.01  +0.01  +0.04  +0.04  +0.05  +0.01  -0.01  +0.01  -0.00  +0.01  -0.01  -0.04  -0.08
Recv:    |
Recv:  7 | -0.10  -0.05  -0.03  -0.04  -0.01  -0.01  +0.01  -0.03 [+0.00] +0.01  +0.02  +0.01  +0.03  -0.02  -0.05
Recv:    |
Recv:  6 | -0.09  -0.06  -0.04  -0.05  -0.02  -0.01  -0.02  -0.04  -0.01  +0.02  -0.01  -0.04  -0.02  -0.03  -0.10
Recv:    |
Recv:  5 | -0.07  -0.03  -0.00  +0.01  +0.04  +0.01  +0.01   0.00  -0.01  +0.01  -0.02  -0.03  -0.03  -0.09  -0.13
Recv:    |
Recv:  4 | -0.04  -0.01  +0.03  -0.01  +0.02  +0.02  +0.04  +0.04  +0.01  -0.00  -0.01  -0.03  -0.04  -0.08  -0.11
Recv:    |
Recv:  3 | -0.11  -0.07  -0.06  -0.07  -0.02  -0.02  -0.01  -0.01  -0.01  -0.02  -0.01  -0.02  -0.02  -0.05  -0.10
Recv:    |
Recv:  2 | -0.13  -0.07  -0.05  -0.07  -0.01  -0.03  -0.02  -0.00  +0.00  -0.00  -0.02  -0.03  -0.06  -0.08  -0.12
Recv:    |
Recv:  1 | -0.08  -0.04  -0.02  -0.02  -0.01  -0.02  +0.00  -0.03  -0.01  -0.01  -0.05  -0.08  -0.08  -0.11  -0.15
Recv:    |
Recv:  0 | -0.09  -0.05  -0.04  -0.01  -0.02  -0.02  -0.04  -0.02  -0.05  -0.03  -0.05  -0.08  -0.09  -0.11  -0.16
Recv:         0       1       2       3       4       5       6       7       8       9      10      11      12      13      14
Recv:     (  5,  5)                                                                                                      (256,  5)
Recv:
Recv: ok


Send: G29 T
Recv:
Recv: Bed Topography Report:
Recv:
Recv:     (  5,240)                                                                                                      (256,240)
Recv:         0       1       2       3       4       5       6       7       8       9      10      11      12      13      14
Recv: 14 | -0.13  -0.11  -0.09  -0.09  -0.06  -0.03  -0.05  -0.05  -0.01  -0.03  -0.01  -0.02  -0.02  -0.04  -0.07
Recv:    |
Recv: 13 | -0.09  -0.07  -0.07  -0.07  -0.03  -0.03  -0.07  -0.04  -0.04  -0.05  -0.07  -0.08  -0.08  -0.08  -0.13
Recv:    |
Recv: 12 | -0.09  -0.06  -0.04  -0.03  -0.03   0.00  -0.01  -0.01 [+0.00] -0.01  -0.02  -0.04  -0.04  -0.06  -0.10
Recv:    |
Recv: 11 | -0.09  -0.06  -0.04  -0.04  -0.01  +0.01  +0.01  +0.04  +0.02  -0.00  +0.01   0.00  +0.01  +0.01  -0.05
Recv:    |
Recv: 10 | -0.08  -0.04  -0.02  -0.02  +0.01  +0.01  +0.02  +0.01  +0.01  +0.02  -0.02  -0.04  -0.02  -0.03  -0.08
Recv:    |
Recv:  9 | -0.04  +0.01  +0.01  +0.02  +0.02  +0.02  +0.03  -0.00  -0.01  -0.02  -0.03  -0.05  -0.04  -0.09  -0.11
Recv:    |
Recv:  8 | -0.04  +0.01  +0.01  +0.01  +0.04  +0.04  +0.05  +0.01  -0.01  +0.01  -0.00  +0.01  -0.01  -0.04  -0.08
Recv:    |
Recv:  7 | -0.10  -0.05  -0.03  -0.04  -0.01  -0.01  +0.01  -0.03  +0.00  +0.01  +0.02  +0.01  +0.03  -0.02  -0.05
Recv:    |
Recv:  6 | -0.09  -0.06  -0.04  -0.05  -0.02  -0.01  -0.02  -0.04  -0.01  +0.02  -0.01  -0.04  -0.02  -0.03  -0.10
Recv:    |
Recv:  5 | -0.07  -0.03  -0.00  +0.01  +0.04  +0.01  +0.01   0.00  -0.01  +0.01  -0.02  -0.03  -0.03  -0.09  -0.13
Recv:    |
Recv:  4 | -0.04  -0.01  +0.03  -0.01  +0.02  +0.02  +0.04  +0.04  +0.01  -0.00  -0.01  -0.03  -0.04  -0.08  -0.11
Recv:    |
Recv:  3 | -0.11  -0.07  -0.06  -0.07  -0.02  -0.02  -0.01  -0.01  -0.01  -0.02  -0.01  -0.02  -0.02  -0.05  -0.10
Recv:    |
Recv:  2 | -0.13  -0.07  -0.05  -0.07  -0.01  -0.03  -0.02  -0.00  +0.00  -0.00  -0.02  -0.03  -0.06  -0.08  -0.12
Recv:    |
Recv:  1 | -0.08  -0.04  -0.02  -0.02  -0.01  -0.02  +0.00  -0.03  -0.01  -0.01  -0.05  -0.08  -0.08  -0.11  -0.15
Recv:    |
Recv:  0 | -0.09  -0.05  -0.04  -0.01  -0.02  -0.02  -0.04  -0.02  -0.05  -0.03  -0.05  -0.08  -0.09  -0.11  -0.16
Recv:         0       1       2       3       4       5       6       7       8       9      10      11      12      13      14
Recv:     (  5,  5)                                                                                                      (256,  5)
Recv:
Recv: ok

